  40  179  87  123
  131  71  147  78
  130  70  148  80
  132  72  149  81
  62  134  74  114
  63  136  76  116
  136  83  143  55
  135  84  144  56
  137  85  145  57
  166  86  58  122
  107  59  123  87
  167  88  60  124
  168  89  61  125
  134  62  203  82
  136  63  204  83
  135  64  205  84
  137  65  206  85
  193  119  74  96
  142  82  151  66
  143  83  150  67
  144  84  153  68
  145  85  152  69
  128  92  161  35
  93  46  47  129
  91  13  14  127
  90  24  25  126
  180  86  166  138
  182  88  167  140
  181  89  168  141
  90  70  130  163
  91  72  132  164
  92  71  131  161
  93  73  133  162
  118  94  70  191
  120  95  72  192
  147  71  193  96
  121  97  73  194
  110  187  58  106
  111  188  59  107
  112  189  60  108
  113  190  61  109
  121  76  159  97
  73  79  172  133
  31  102  66  138
  139  103  143  67
  140  104  144  68
  141  105  145  69
  90  110  191  70
  91  112  192  72
  93  113  194  73
  103  139  41  42
  140  20  209  104
  141  9  210  105
  111  107  150  51
  98  58  187  126
  99  60  189  127
  101  61  190  129
  183  102  211  78
  184  103  212  79
  185  104  209  80
  186  105  210  81
  59  188  92  128
  58  86  180  106
  60  88  182  108
  61  89  181  109
  116  169  155  63
  70  94  158  148
  72  95  160  149
  106  50  191  110
  71  111  51  193
  108  52  192  112
  109  53  194  113
  204  63  155  119
  206  65  156  121
  126  187  110  90
  71  92  188  111
  127  189  112  91
  129  190  113  93
  96  157  54  147
  93  162  45  46
  90  163  23  24
  91  164  12  13
  121  156  116  76
  119  155  114  74
  34  131  171  33
  102  31  32  211
  103  42  43  212
  114  115  208  62
  170  117  207  64
  146  49  169  116
  146  117  170  49
  154  75  208  115
  165  77  207  117
  114  49  170  115
  66  102  183  142
  64  135  75  154
  15  2  16  177
  48  1  5  178
  27  175  26  4
  38  176  37  3
  94  118  208  75
  95  120  207  77
  191  50  203  118
  193  51  204  119
  192  52  205  120
  194  53  206  121
  203  62  208  118
  205  64  207  120
  82  54  157  134
  96  74  134  157
  55  159  76  136
  94  75  135  158
  148  158  135  56
  95  77  137  160
  149  160  137  57
  35  161  131  34
  44  45  162  133
  22  23  163  130
  11  12  164  132
  122  29  30  166
  124  18  19  167
  125  7  8  168
  29  122  195  28
  40  123  196  39
  18  124  200  17
  7  125  202  6
  58  98  195  122
  59  100  196  123
  60  99  200  124
  61  101  202  125
  98  126  25  198
  59  128  201  100
  99  127  14  197
  35  36  201  128
  101  129  47  199
  40  41  139  179
  31  138  166  30
  9  141  168  8
  20  140  167  19
  116  156  65  146
  133  172  43  44
  130  173  21  22
  132  174  10  11
  65  137  77  165
  50  151  82  203
  51  150  83  204
  52  153  84  205
  53  152  85  206
  78  147  54  183
  73  97  184  79
  56  185  80  148
  159  55  184  97
  57  186  81  149
  117  146  65  165
  138  66  151  180
  139  67  150  179
  50  106  180  151
  87  179  150  107
  140  68  153  182
  52  108  182  153
  141  69  152  181
  53  109  181  152
  82  142  183  54
  103  184  55  143
  104  185  56  144
  105  186  57  145
  64  154  115  170
  49  114  155  169
  131  78  211  171
  130  80  209  173
  132  81  210  174
  28  195  175  27
  39  196  176  38
  201  176  196  100
  195  98  198  175
  36  37  176  201
  25  26  175  198
  47  48  178  199
  14  15  177  197
  17  200  177  16
  6  202  178  5
  197  177  200  99
  199  178  202  101
  20  21  173  209
  9  10  174  210
  33  171  211  32
  79  212  43  172
