  0  0
  0  1
  1  0
  1  1
  0  0.0833333
  0  0.166667
  0  0.25
  0  0.333333
  0  0.416667
  0  0.5
  0  0.583333
  0  0.666667
  0  0.75
  0  0.833333
  0  0.916667
  0.0833333  1
  0.166667  1
  0.25  1
  0.333333  1
  0.416667  1
  0.5  1
  0.583333  1
  0.666667  1
  0.75  1
  0.833333  1
  0.916667  1
  1  0.916667
  1  0.833333
  1  0.75
  1  0.666667
  1  0.583333
  1  0.5
  1  0.416667
  1  0.333333
  1  0.25
  1  0.166667
  1  0.0833333
  0.916667  0
  0.833333  0
  0.75  0
  0.666667  0
  0.583333  0
  0.5  0
  0.416667  0
  0.333333  0
  0.25  0
  0.166667  0
  0.0833333  0
  0.511505  0.48791
  0.743939  0.695118
  0.711934  0.283415
  0.300405  0.738265
  0.26091  0.298337
  0.791145  0.497445
  0.515906  0.219306
  0.483705  0.805568
  0.19369  0.483227
  0.853996  0.808233
  0.840973  0.165717
  0.200185  0.85358
  0.14488  0.201542
  0.651784  0.570989
  0.563509  0.35033
  0.442446  0.637041
  0.363284  0.438941
  0.861745  0.600709
  0.631856  0.153617
  0.379398  0.829931
  0.169386  0.379452
  0.625189  0.821682
  0.825516  0.33764
  0.177917  0.62401
  0.378046  0.147799
  0.679395  0.456126
  0.544684  0.673827
  0.469256  0.304539
  0.324687  0.540008
  0.877156  0.453403
  0.460272  0.104684
  0.525788  0.875472
  0.124248  0.525485
  0.766076  0.572769
  0.607559  0.246697
  0.403198  0.754261
  0.245079  0.402636
  0.881049  0.735672
  0.757101  0.123857
  0.267829  0.876912
  0.122148  0.268457
  0.715652  0.897768
  0.102125  0.715188
  0.880318  0.265281
  0.282967  0.0954975
  0.585232  0.732863
  0.266122  0.582282
  0.744703  0.430675
  0.430786  0.217778
  0.8717  0.880472
  0.120436  0.871995
  0.88198  0.119931
  0.127211  0.120405
  0.908741  0.546096
  0.558972  0.0984023
  0.443566  0.874237
  0.125416  0.443445
  0.793293  0.74963
  0.765373  0.18261
  0.250029  0.789502
  0.207674  0.248499
  0.748292  0.808611
  0.784857  0.25475
  0.19136  0.746653
  0.250169  0.18556
  0.595892  0.503417
  0.543373  0.583679
  0.481116  0.388584
  0.413736  0.528781
  0.640998  0.688016
  0.659393  0.387904
  0.311328  0.635541
  0.386463  0.30281
  0.938378  0.788953
  0.80093  0.0928108
  0.220352  0.935076
  0.0645269  0.220861
  0.805334  0.898997
  0.101499  0.805184
  0.91365  0.203359
  0.193367  0.0997387
  0.602879  0.932395
  0.920947  0.370842
  0.0676012  0.60286
  0.39469  0.0605289
  0.70933  0.518234
  0.484667  0.728554
  0.53912  0.282
  0.270618  0.482836
  0.908305  0.648554
  0.644183  0.0905191
  0.367476  0.892487
  0.107066  0.36757
  0.82762  0.564652
  0.58152  0.18051
  0.425122  0.815859
  0.183495  0.424832
  0.443666  0.464805
  0.810965  0.430417
  0.54342  0.81352
  0.185876  0.542509
  0.68347  0.193947
  0.804608  0.644802
  0.206861  0.3467
  0.347078  0.792269
  0.513434  0.633016
  0.585776  0.417335
  0.408756  0.377843
  0.749292  0.48271
  0.542658  0.76045
  0.470523  0.248384
  0.238656  0.540836
  0.927271  0.294501
  0.340644  0.0514095
  0.658842  0.9424
  0.0575484  0.658626
  0.365767  0.506055
  0.94577  0.708713
  0.292331  0.941283
  0.0586618  0.292515
  0.529575  0.434619
  0.478942  0.555496
  0.955352  0.426216
  0.445943  0.06077
  0.521787  0.954803
  0.0451469  0.521738
  0.932044  0.928368
  0.93121  0.0689972
  0.0701793  0.93333
  0.0665051  0.0701331
  0.710813  0.103783
  0.847891  0.697813
  0.160112  0.302423
  0.302479  0.838785
  0.848627  0.518072
  0.488883  0.160627
  0.484374  0.851799
  0.147763  0.484055
  0.798645  0.839908
  0.835334  0.232689
  0.161558  0.797825
  0.199912  0.15951
  0.690836  0.753727
  0.245059  0.687622
  0.733488  0.360577
  0.315113  0.2334
  0.935396  0.856347
  0.862007  0.0709858
  0.0685583  0.882236
  0.88159  0.93096
  0.117399  0.0683772
  0.145428  0.935224
  0.930927  0.139288
  0.0644443  0.145679
  0.699931  0.63321
  0.635888  0.315805
  0.363356  0.693352
  0.309309  0.360894
  0.371657  0.585365
  0.596372  0.627593
  0.481006  0.924176
  0.0756551  0.480913
  0.937828  0.479328
  0.506527  0.0695374
